0.0 0.429379
1.0 0.301587
2.0 0.413043
3.0 0.413043
4.0 0.301587
5.0 0.301587
6.0 0.301587
7.0 0.301587
8.0 0.301587
9.0 0.301587
10.0 0.393782
11.0 0.644068
12.0 0.413043
13.0 0.393782
14.0 0.393782
15.0 0.393782
16.0 0.391753
17.0 0.340807
18.0 0.340807
19.0 0.340807
20.0 0.340807
21.0 0.340807
22.0 0.340807
23.0 0.460606
24.0 0.460606
25.0 0.517007
26.0 0.477987
27.0 0.517007
28.0 0.402116
29.0 0.426966
30.0 0.317992
31.0 0.417582
32.0 0.393782
33.0 0.395833
34.0 0.404255
35.0 0.404255
36.0 0.404255
37.0 0.404255
38.0 0.404255
39.0 0.372549
40.0 0.342342
41.0 0.395833
42.0 0.351852
43.0 0.402116
44.0 0.397906
45.0 0.287879
46.0 0.256757
47.0 0.343891
48.0 0.513514
49.0 0.441860
50.0 0.334802
51.0 0.441860
52.0 0.315353
53.0 0.307692
54.0 0.365385
55.0 0.531469
56.0 0.351852
57.0 0.395833
58.0 0.481013
59.0 0.391753
60.0 0.356808
61.0 0.391753
62.0 0.400000
63.0 0.393782
64.0 0.475000
65.0 0.393782
66.0 0.358491
67.0 0.284644
68.0 0.463415
69.0 0.463415
70.0 0.452381
71.0 0.457831
72.0 0.402116
73.0 0.342342
74.0 0.342342
75.0 0.380000
76.0 0.353488
