0.0 4
1.0 5
2.0 4
3.0 4
4.0 5
5.0 5
6.0 5
7.0 5
8.0 5
9.0 5
10.0 4
11.0 3
12.0 4
13.0 4
14.0 4
15.0 4
16.0 4
17.0 5
18.0 5
19.0 5
20.0 5
21.0 5
22.0 5
23.0 4
24.0 4
25.0 3
26.0 4
27.0 3
28.0 4
29.0 4
30.0 5
31.0 4
32.0 4
33.0 4
34.0 4
35.0 4
36.0 4
37.0 4
38.0 4
39.0 4
40.0 4
41.0 4
42.0 4
43.0 4
44.0 4
45.0 5
46.0 5
47.0 4
48.0 3
49.0 4
50.0 5
51.0 4
52.0 5
53.0 5
54.0 4
55.0 3
56.0 4
57.0 4
58.0 3
59.0 4
60.0 4
61.0 4
62.0 4
63.0 4
64.0 3
65.0 4
66.0 4
67.0 5
68.0 3
69.0 3
70.0 4
71.0 3
72.0 4
73.0 4
74.0 4
75.0 4
76.0 4
