0.0 0.35368421052631577
1.0 0.0
2.0 0.0
3.0 0.0
4.0 0.0
5.0 0.0
6.0 0.0
7.0 0.0
8.0 0.0
9.0 0.0
10.0 0.0
11.0 1.1399781055672369
12.0 0.0
13.0 0.0
14.0 0.0
15.0 0.0
16.0 0.08125869635467159
17.0 0.0
18.0 0.0
19.0 0.0
20.0 0.0
21.0 0.0
22.0 0.0
23.0 0.2592890819763885
24.0 0.058004837460923525
25.0 0.1498024424684845
26.0 0.04759250690829638
27.0 0.10866311932956872
28.0 0.052982456140350874
29.0 0.016081871345029242
30.0 0.0
31.0 0.017280590066967777
32.0 0.0
33.0 0.0
34.0 0.0
35.0 0.0
36.0 0.0
37.0 0.0
38.0 0.0
39.0 0.013850877192982457
40.0 0.0
41.0 0.02297510130832601
42.0 0.0
43.0 0.0
44.0 0.0
45.0 0.0
46.0 0.0
47.0 0.05263157894736842
48.0 0.33022500485169537
49.0 0.04042124316639552
50.0 0.00043441938178780283
51.0 0.09519785575048736
52.0 0.0007017543859649122
53.0 0.0
54.0 0.0
55.0 0.264064977243892
56.0 0.0
57.0 0.055322472848788634
58.0 0.08510671364435421
59.0 0.002500291131870079
60.0 0.0
61.0 0.002500291131870079
62.0 0.01053405976397666
63.0 0.004370976617514013
64.0 0.06150730035991565
65.0 0.004370976617514013
66.0 0.0003007518796992481
67.0 0.0
68.0 0.009920767956779037
69.0 0.009920767956779037
70.0 0.00972360839119842
71.0 0.007747659747659746
72.0 0.0
73.0 0.0
74.0 0.0
75.0 0.0008771929824561404
76.0 0.0
